id,type,x,y,z,users,total_bw,shared_bw,active
459,FEMTO,2,18,1,0,6800.0,6800.0,false
460,FEMTO,2,18,1,0,6800.0,6800.0,false
461,FEMTO,2,18,1,0,6800.0,6800.0,false
462,FEMTO,2,18,1,0,6800.0,6800.0,false
463,FEMTO,2,18,1,0,6800.0,6800.0,false
464,FEMTO,2,18,1,0,6800.0,6800.0,true
465,FEMTO,2,18,1,0,6800.0,6800.0,false
466,FEMTO,2,18,1,0,6800.0,6800.0,false
467,FEMTO,2,18,1,0,6800.0,6800.0,false
468,FEMTO,2,18,1,3,6800.0,2266.6666666666665,true
469,FEMTO,2,18,1,2,6800.0,3400.0,true
470,FEMTO,2,18,1,0,6800.0,6800.0,false
471,FEMTO,82,56,1,1,6800.0,6800.0,true
472,FEMTO,82,56,1,0,6800.0,6800.0,false
473,FEMTO,82,56,1,0,6800.0,6800.0,false
474,FEMTO,82,56,1,0,6800.0,6800.0,false
475,FEMTO,82,56,1,0,6800.0,6800.0,true
476,FEMTO,82,56,1,0,6800.0,6800.0,false
477,FEMTO,82,56,1,0,6800.0,6800.0,false
478,FEMTO,82,56,1,0,6800.0,6800.0,false
479,FEMTO,82,56,1,0,6800.0,6800.0,false
480,FEMTO,82,56,1,0,6800.0,6800.0,false
481,FEMTO,82,56,1,2,6800.0,3400.0,true
482,FEMTO,82,56,1,0,6800.0,6800.0,false
483,FEMTO,12,33,1,0,6800.0,6800.0,false
484,FEMTO,12,33,1,0,6800.0,6800.0,false
485,FEMTO,12,33,1,0,6800.0,6800.0,false
486,FEMTO,12,33,1,0,6800.0,6800.0,false
487,FEMTO,12,33,1,0,6800.0,6800.0,false
488,FEMTO,12,33,1,0,6800.0,6800.0,true
489,FEMTO,12,33,1,0,6800.0,6800.0,false
490,FEMTO,12,33,1,0,6800.0,6800.0,false
491,FEMTO,12,33,1,0,6800.0,6800.0,false
492,FEMTO,12,33,1,0,6800.0,6800.0,true
493,FEMTO,12,33,1,0,6800.0,6800.0,true
494,FEMTO,12,33,1,0,6800.0,6800.0,false
495,FEMTO,66,14,1,0,6800.0,6800.0,false
496,FEMTO,66,14,1,1,6800.0,6800.0,true
497,FEMTO,66,14,1,0,6800.0,6800.0,false
498,FEMTO,66,14,1,0,6800.0,6800.0,false
499,FEMTO,66,14,1,0,6800.0,6800.0,false
500,FEMTO,66,14,1,4,6800.0,1700.0,true
501,FEMTO,66,14,1,2,6800.0,3400.0,true
502,FEMTO,66,14,1,0,6800.0,6800.0,false
503,FEMTO,66,14,1,1,6800.0,6800.0,true
504,FEMTO,66,14,1,0,6800.0,6800.0,false
505,FEMTO,66,14,1,3,6800.0,2266.6666666666665,true
506,FEMTO,66,14,1,1,6800.0,6800.0,true
507,FEMTO,53,70,1,0,6800.0,6800.0,false
508,FEMTO,53,70,1,0,6800.0,6800.0,false
509,FEMTO,53,70,1,1,6800.0,6800.0,true
510,FEMTO,53,70,1,0,6800.0,6800.0,false
511,FEMTO,53,70,1,0,6800.0,6800.0,false
512,FEMTO,53,70,1,0,6800.0,6800.0,false
513,FEMTO,53,70,1,0,6800.0,6800.0,false
514,FEMTO,53,70,1,0,6800.0,6800.0,false
515,FEMTO,53,70,1,0,6800.0,6800.0,false
516,FEMTO,53,70,1,0,6800.0,6800.0,false
517,FEMTO,53,70,1,0,6800.0,6800.0,true
518,FEMTO,53,70,1,0,6800.0,6800.0,false
519,FEMTO,4,19,1,0,6800.0,6800.0,false
520,FEMTO,4,19,1,0,6800.0,6800.0,true
521,FEMTO,4,19,1,0,6800.0,6800.0,false
522,FEMTO,4,19,1,0,6800.0,6800.0,true
523,FEMTO,4,19,1,0,6800.0,6800.0,true
524,FEMTO,4,19,1,0,6800.0,6800.0,true
525,FEMTO,4,19,1,0,6800.0,6800.0,true
526,FEMTO,4,19,1,1,6800.0,6800.0,true
527,FEMTO,4,19,1,1,6800.0,6800.0,true
528,FEMTO,4,19,1,0,6800.0,6800.0,false
529,FEMTO,4,19,1,0,6800.0,6800.0,false
530,FEMTO,4,19,1,0,6800.0,6800.0,false
531,FEMTO,31,64,1,0,6800.0,6800.0,true
532,FEMTO,31,64,1,0,6800.0,6800.0,false
533,FEMTO,31,64,1,0,6800.0,6800.0,false
534,FEMTO,31,64,1,0,6800.0,6800.0,true
535,FEMTO,31,64,1,0,6800.0,6800.0,false
536,FEMTO,31,64,1,0,6800.0,6800.0,false
537,FEMTO,31,64,1,0,6800.0,6800.0,false
538,FEMTO,31,64,1,0,6800.0,6800.0,false
539,FEMTO,31,64,1,2,6800.0,3400.0,true
540,FEMTO,31,64,1,1,6800.0,6800.0,true
541,FEMTO,31,64,1,0,6800.0,6800.0,false
542,FEMTO,31,64,1,0,6800.0,6800.0,false
543,FEMTO,75,95,1,0,6800.0,6800.0,false
544,FEMTO,75,95,1,0,6800.0,6800.0,false
545,FEMTO,75,95,1,1,6800.0,6800.0,true
546,FEMTO,75,95,1,0,6800.0,6800.0,false
547,FEMTO,75,95,1,1,6800.0,6800.0,true
548,FEMTO,75,95,1,0,6800.0,6800.0,false
549,FEMTO,75,95,1,0,6800.0,6800.0,false
550,FEMTO,75,95,1,0,6800.0,6800.0,true
551,FEMTO,75,95,1,2,6800.0,3400.0,true
552,FEMTO,75,95,1,0,6800.0,6800.0,false
553,FEMTO,75,95,1,0,6800.0,6800.0,false
554,FEMTO,75,95,1,0,6800.0,6800.0,false
555,FEMTO,64,67,1,0,6800.0,6800.0,false
556,FEMTO,64,67,1,0,6800.0,6800.0,false
557,FEMTO,64,67,1,0,6800.0,6800.0,false
558,FEMTO,64,67,1,0,6800.0,6800.0,false
559,FEMTO,64,67,1,0,6800.0,6800.0,false
560,FEMTO,64,67,1,1,6800.0,6800.0,true
561,FEMTO,64,67,1,0,6800.0,6800.0,false
562,FEMTO,64,67,1,0,6800.0,6800.0,true
563,FEMTO,64,67,1,0,6800.0,6800.0,false
564,FEMTO,64,67,1,0,6800.0,6800.0,true
565,FEMTO,64,67,1,0,6800.0,6800.0,true
566,FEMTO,64,67,1,0,6800.0,6800.0,false
567,FEMTO,5,18,1,1,6800.0,6800.0,true
568,FEMTO,5,18,1,0,6800.0,6800.0,false
569,FEMTO,5,18,1,0,6800.0,6800.0,false
570,FEMTO,5,18,1,0,6800.0,6800.0,false
571,FEMTO,5,18,1,1,6800.0,6800.0,true
572,FEMTO,5,18,1,0,6800.0,6800.0,false
573,FEMTO,5,18,1,0,6800.0,6800.0,false
574,FEMTO,5,18,1,1,6800.0,6800.0,true
575,FEMTO,5,18,1,0,6800.0,6800.0,false
576,FEMTO,5,18,1,0,6800.0,6800.0,false
577,FEMTO,5,18,1,0,6800.0,6800.0,false
578,FEMTO,5,18,1,0,6800.0,6800.0,false
579,FEMTO,73,96,1,0,6800.0,6800.0,false
580,FEMTO,73,96,1,0,6800.0,6800.0,false
581,FEMTO,73,96,1,0,6800.0,6800.0,false
582,FEMTO,73,96,1,1,6800.0,6800.0,true
583,FEMTO,73,96,1,0,6800.0,6800.0,false
584,FEMTO,73,96,1,0,6800.0,6800.0,false
585,FEMTO,73,96,1,0,6800.0,6800.0,false
586,FEMTO,73,96,1,0,6800.0,6800.0,false
587,FEMTO,73,96,1,0,6800.0,6800.0,false
588,FEMTO,73,96,1,0,6800.0,6800.0,false
589,FEMTO,73,96,1,0,6800.0,6800.0,false
590,FEMTO,73,96,1,0,6800.0,6800.0,true
591,FEMTO,57,23,1,1,6800.0,6800.0,true
592,FEMTO,57,23,1,1,6800.0,6800.0,true
593,FEMTO,57,23,1,0,6800.0,6800.0,false
594,FEMTO,57,23,1,1,6800.0,6800.0,true
595,FEMTO,57,23,1,0,6800.0,6800.0,false
596,FEMTO,57,23,1,1,6800.0,6800.0,true
597,FEMTO,57,23,1,4,6800.0,1700.0,true
598,FEMTO,57,23,1,0,6800.0,6800.0,false
599,FEMTO,57,23,1,0,6800.0,6800.0,false
600,FEMTO,57,23,1,1,6800.0,6800.0,true
601,FEMTO,57,23,1,0,6800.0,6800.0,false
602,FEMTO,57,23,1,0,6800.0,6800.0,true
603,FEMTO,46,86,1,0,6800.0,6800.0,false
604,FEMTO,46,86,1,0,6800.0,6800.0,false
605,FEMTO,46,86,1,0,6800.0,6800.0,false
606,FEMTO,46,86,1,0,6800.0,6800.0,false
607,FEMTO,46,86,1,0,6800.0,6800.0,false
608,FEMTO,46,86,1,1,6800.0,6800.0,true
609,FEMTO,46,86,1,0,6800.0,6800.0,false
610,FEMTO,46,86,1,1,6800.0,6800.0,true
611,FEMTO,46,86,1,0,6800.0,6800.0,true
612,FEMTO,46,86,1,0,6800.0,6800.0,false
613,FEMTO,46,86,1,0,6800.0,6800.0,false
614,FEMTO,46,86,1,0,6800.0,6800.0,false
615,FEMTO,92,70,1,0,6800.0,6800.0,true
616,FEMTO,92,70,1,0,6800.0,6800.0,false
617,FEMTO,92,70,1,0,6800.0,6800.0,false
618,FEMTO,92,70,1,0,6800.0,6800.0,false
619,FEMTO,92,70,1,0,6800.0,6800.0,false
620,FEMTO,92,70,1,0,6800.0,6800.0,false
621,FEMTO,92,70,1,0,6800.0,6800.0,false
622,FEMTO,92,70,1,0,6800.0,6800.0,false
623,FEMTO,92,70,1,0,6800.0,6800.0,false
624,FEMTO,92,70,1,0,6800.0,6800.0,false
625,FEMTO,92,70,1,0,6800.0,6800.0,false
626,FEMTO,92,70,1,0,6800.0,6800.0,false
627,FEMTO,12,66,1,0,6800.0,6800.0,false
628,FEMTO,12,66,1,0,6800.0,6800.0,false
629,FEMTO,12,66,1,0,6800.0,6800.0,false
630,FEMTO,12,66,1,0,6800.0,6800.0,false
631,FEMTO,12,66,1,0,6800.0,6800.0,false
632,FEMTO,12,66,1,0,6800.0,6800.0,false
633,FEMTO,12,66,1,0,6800.0,6800.0,false
634,FEMTO,12,66,1,0,6800.0,6800.0,false
635,FEMTO,12,66,1,0,6800.0,6800.0,false
636,FEMTO,12,66,1,0,6800.0,6800.0,false
637,FEMTO,12,66,1,0,6800.0,6800.0,false
638,FEMTO,12,66,1,1,6800.0,6800.0,true
639,FEMTO,29,78,1,0,6800.0,6800.0,false
640,FEMTO,29,78,1,0,6800.0,6800.0,false
641,FEMTO,29,78,1,0,6800.0,6800.0,false
642,FEMTO,29,78,1,0,6800.0,6800.0,false
643,FEMTO,29,78,1,0,6800.0,6800.0,true
644,FEMTO,29,78,1,0,6800.0,6800.0,false
645,FEMTO,29,78,1,0,6800.0,6800.0,false
646,FEMTO,29,78,1,0,6800.0,6800.0,false
647,FEMTO,29,78,1,1,6800.0,6800.0,true
648,FEMTO,29,78,1,0,6800.0,6800.0,false
649,FEMTO,29,78,1,0,6800.0,6800.0,false
650,FEMTO,29,78,1,0,6800.0,6800.0,false
651,FEMTO,52,68,1,0,6800.0,6800.0,false
652,FEMTO,52,68,1,0,6800.0,6800.0,false
653,FEMTO,52,68,1,0,6800.0,6800.0,false
654,FEMTO,52,68,1,0,6800.0,6800.0,false
655,FEMTO,52,68,1,0,6800.0,6800.0,false
656,FEMTO,52,68,1,0,6800.0,6800.0,true
657,FEMTO,52,68,1,0,6800.0,6800.0,false
658,FEMTO,52,68,1,0,6800.0,6800.0,false
659,FEMTO,52,68,1,0,6800.0,6800.0,false
660,FEMTO,52,68,1,0,6800.0,6800.0,false
661,FEMTO,52,68,1,0,6800.0,6800.0,true
662,FEMTO,52,68,1,1,6800.0,6800.0,true
663,FEMTO,62,74,1,0,6800.0,6800.0,false
664,FEMTO,62,74,1,0,6800.0,6800.0,true
665,FEMTO,62,74,1,0,6800.0,6800.0,false
666,FEMTO,62,74,1,0,6800.0,6800.0,false
667,FEMTO,62,74,1,0,6800.0,6800.0,false
668,FEMTO,62,74,1,0,6800.0,6800.0,false
669,FEMTO,62,74,1,0,6800.0,6800.0,false
670,FEMTO,62,74,1,0,6800.0,6800.0,false
671,FEMTO,62,74,1,0,6800.0,6800.0,false
672,FEMTO,62,74,1,0,6800.0,6800.0,false
673,FEMTO,62,74,1,0,6800.0,6800.0,false
674,FEMTO,62,74,1,0,6800.0,6800.0,false
675,FEMTO,49,98,1,0,6800.0,6800.0,true
676,FEMTO,49,98,1,1,6800.0,6800.0,true
677,FEMTO,49,98,1,0,6800.0,6800.0,false
678,FEMTO,49,98,1,0,6800.0,6800.0,false
679,FEMTO,49,98,1,0,6800.0,6800.0,false
680,FEMTO,49,98,1,0,6800.0,6800.0,false
681,FEMTO,49,98,1,0,6800.0,6800.0,false
682,FEMTO,49,98,1,0,6800.0,6800.0,true
683,FEMTO,49,98,1,0,6800.0,6800.0,false
684,FEMTO,49,98,1,1,6800.0,6800.0,true
685,FEMTO,49,98,1,2,6800.0,3400.0,true
686,FEMTO,49,98,1,0,6800.0,6800.0,false
687,FEMTO,6,48,1,0,6800.0,6800.0,false
688,FEMTO,6,48,1,0,6800.0,6800.0,true
689,FEMTO,6,48,1,0,6800.0,6800.0,false
690,FEMTO,6,48,1,0,6800.0,6800.0,true
691,FEMTO,6,48,1,0,6800.0,6800.0,false
692,FEMTO,6,48,1,0,6800.0,6800.0,false
693,FEMTO,6,48,1,0,6800.0,6800.0,false
694,FEMTO,6,48,1,0,6800.0,6800.0,false
695,FEMTO,6,48,1,0,6800.0,6800.0,false
696,FEMTO,6,48,1,0,6800.0,6800.0,false
697,FEMTO,6,48,1,0,6800.0,6800.0,false
698,FEMTO,6,48,1,0,6800.0,6800.0,false
699,FEMTO,73,74,1,0,6800.0,6800.0,false
700,FEMTO,73,74,1,0,6800.0,6800.0,false
701,FEMTO,73,74,1,0,6800.0,6800.0,false
702,FEMTO,73,74,1,0,6800.0,6800.0,false
703,FEMTO,73,74,1,1,6800.0,6800.0,true
704,FEMTO,73,74,1,0,6800.0,6800.0,false
705,FEMTO,73,74,1,0,6800.0,6800.0,false
706,FEMTO,73,74,1,0,6800.0,6800.0,false
707,FEMTO,73,74,1,0,6800.0,6800.0,false
708,FEMTO,73,74,1,1,6800.0,6800.0,true
709,FEMTO,73,74,1,0,6800.0,6800.0,false
710,FEMTO,73,74,1,0,6800.0,6800.0,false
711,FEMTO,22,9,1,1,6800.0,6800.0,true
712,FEMTO,22,9,1,1,6800.0,6800.0,true
713,FEMTO,22,9,1,0,6800.0,6800.0,false
714,FEMTO,22,9,1,0,6800.0,6800.0,false
715,FEMTO,22,9,1,0,6800.0,6800.0,false
716,FEMTO,22,9,1,1,6800.0,6800.0,true
717,FEMTO,22,9,1,0,6800.0,6800.0,false
718,FEMTO,22,9,1,0,6800.0,6800.0,false
719,FEMTO,22,9,1,0,6800.0,6800.0,false
720,FEMTO,22,9,1,0,6800.0,6800.0,true
721,FEMTO,22,9,1,0,6800.0,6800.0,false
722,FEMTO,22,9,1,0,6800.0,6800.0,false
723,FEMTO,9,46,1,0,6800.0,6800.0,false
724,FEMTO,9,46,1,0,6800.0,6800.0,false
725,FEMTO,9,46,1,0,6800.0,6800.0,false
726,FEMTO,9,46,1,0,6800.0,6800.0,false
727,FEMTO,9,46,1,0,6800.0,6800.0,false
728,FEMTO,9,46,1,0,6800.0,6800.0,true
729,FEMTO,9,46,1,0,6800.0,6800.0,false
730,FEMTO,9,46,1,0,6800.0,6800.0,true
731,FEMTO,9,46,1,0,6800.0,6800.0,false
732,FEMTO,9,46,1,0,6800.0,6800.0,false
733,FEMTO,9,46,1,1,6800.0,6800.0,true
734,FEMTO,9,46,1,0,6800.0,6800.0,false
735,FEMTO,42,15,1,0,6800.0,6800.0,false
736,FEMTO,42,15,1,2,6800.0,3400.0,true
737,FEMTO,42,15,1,1,6800.0,6800.0,true
738,FEMTO,42,15,1,2,6800.0,3400.0,true
739,FEMTO,42,15,1,2,6800.0,3400.0,true
740,FEMTO,42,15,1,0,6800.0,6800.0,false
741,FEMTO,42,15,1,5,6800.0,1360.0,true
742,FEMTO,42,15,1,0,6800.0,6800.0,false
743,FEMTO,42,15,1,0,6800.0,6800.0,false
744,FEMTO,42,15,1,1,6800.0,6800.0,true
745,FEMTO,42,15,1,0,6800.0,6800.0,false
746,FEMTO,42,15,1,0,6800.0,6800.0,true
747,FEMTO,1,22,1,0,6800.0,6800.0,false
748,FEMTO,1,22,1,0,6800.0,6800.0,false
749,FEMTO,1,22,1,0,6800.0,6800.0,false
750,FEMTO,1,22,1,0,6800.0,6800.0,true
751,FEMTO,1,22,1,0,6800.0,6800.0,false
752,FEMTO,1,22,1,0,6800.0,6800.0,false
753,FEMTO,1,22,1,1,6800.0,6800.0,true
754,FEMTO,1,22,1,1,6800.0,6800.0,true
755,FEMTO,1,22,1,0,6800.0,6800.0,false
756,FEMTO,1,22,1,0,6800.0,6800.0,true
757,FEMTO,1,22,1,0,6800.0,6800.0,false
758,FEMTO,1,22,1,0,6800.0,6800.0,true
759,FEMTO,49,41,1,1,6800.0,6800.0,true
760,FEMTO,49,41,1,0,6800.0,6800.0,false
761,FEMTO,49,41,1,0,6800.0,6800.0,false
762,FEMTO,49,41,1,0,6800.0,6800.0,false
763,FEMTO,49,41,1,1,6800.0,6800.0,true
764,FEMTO,49,41,1,0,6800.0,6800.0,true
765,FEMTO,49,41,1,0,6800.0,6800.0,false
766,FEMTO,49,41,1,0,6800.0,6800.0,false
767,FEMTO,49,41,1,1,6800.0,6800.0,true
768,FEMTO,49,41,1,0,6800.0,6800.0,false
769,FEMTO,49,41,1,2,6800.0,3400.0,true
770,FEMTO,49,41,1,0,6800.0,6800.0,false
771,FEMTO,91,74,1,1,6800.0,6800.0,true
772,FEMTO,91,74,1,0,6800.0,6800.0,false
773,FEMTO,91,74,1,1,6800.0,6800.0,true
774,FEMTO,91,74,1,0,6800.0,6800.0,false
775,FEMTO,91,74,1,0,6800.0,6800.0,false
776,FEMTO,91,74,1,0,6800.0,6800.0,false
777,FEMTO,91,74,1,0,6800.0,6800.0,false
778,FEMTO,91,74,1,0,6800.0,6800.0,false
779,FEMTO,91,74,1,1,6800.0,6800.0,true
780,FEMTO,91,74,1,1,6800.0,6800.0,true
781,FEMTO,91,74,1,0,6800.0,6800.0,false
782,FEMTO,91,74,1,0,6800.0,6800.0,false
783,FEMTO,52,33,1,0,6800.0,6800.0,true
784,FEMTO,52,33,1,0,6800.0,6800.0,false
785,FEMTO,52,33,1,0,6800.0,6800.0,false
786,FEMTO,52,33,1,0,6800.0,6800.0,false
787,FEMTO,52,33,1,0,6800.0,6800.0,false
788,FEMTO,52,33,1,0,6800.0,6800.0,true
789,FEMTO,52,33,1,0,6800.0,6800.0,false
790,FEMTO,52,33,1,0,6800.0,6800.0,false
791,FEMTO,52,33,1,0,6800.0,6800.0,false
792,FEMTO,52,33,1,0,6800.0,6800.0,true
793,FEMTO,52,33,1,0,6800.0,6800.0,false
794,FEMTO,52,33,1,0,6800.0,6800.0,false
795,FEMTO,55,30,1,0,6800.0,6800.0,false
796,FEMTO,55,30,1,0,6800.0,6800.0,false
797,FEMTO,55,30,1,0,6800.0,6800.0,true
798,FEMTO,55,30,1,0,6800.0,6800.0,true
799,FEMTO,55,30,1,0,6800.0,6800.0,false
800,FEMTO,55,30,1,0,6800.0,6800.0,false
801,FEMTO,55,30,1,0,6800.0,6800.0,false
802,FEMTO,55,30,1,0,6800.0,6800.0,false
803,FEMTO,55,30,1,0,6800.0,6800.0,false
804,FEMTO,55,30,1,0,6800.0,6800.0,false
805,FEMTO,55,30,1,0,6800.0,6800.0,false
806,FEMTO,55,30,1,0,6800.0,6800.0,false
807,FEMTO,50,53,1,0,6800.0,6800.0,false
808,FEMTO,50,53,1,0,6800.0,6800.0,false
809,FEMTO,50,53,1,0,6800.0,6800.0,false
810,FEMTO,50,53,1,0,6800.0,6800.0,false
811,FEMTO,50,53,1,0,6800.0,6800.0,false
812,FEMTO,50,53,1,0,6800.0,6800.0,false
813,FEMTO,50,53,1,0,6800.0,6800.0,false
814,FEMTO,50,53,1,0,6800.0,6800.0,false
815,FEMTO,50,53,1,0,6800.0,6800.0,false
816,FEMTO,50,53,1,0,6800.0,6800.0,false
817,FEMTO,50,53,1,0,6800.0,6800.0,false
818,FEMTO,50,53,1,0,6800.0,6800.0,true
819,FEMTO,82,54,1,0,6800.0,6800.0,false
820,FEMTO,82,54,1,0,6800.0,6800.0,false
821,FEMTO,82,54,1,2,6800.0,3400.0,true
822,FEMTO,82,54,1,0,6800.0,6800.0,false
823,FEMTO,82,54,1,0,6800.0,6800.0,false
824,FEMTO,82,54,1,0,6800.0,6800.0,false
825,FEMTO,82,54,1,0,6800.0,6800.0,false
826,FEMTO,82,54,1,0,6800.0,6800.0,true
827,FEMTO,82,54,1,0,6800.0,6800.0,false
828,FEMTO,82,54,1,0,6800.0,6800.0,false
829,FEMTO,82,54,1,0,6800.0,6800.0,false
830,FEMTO,82,54,1,0,6800.0,6800.0,false
831,FEMTO,66,5,1,2,6800.0,3400.0,true
832,FEMTO,66,5,1,6,6800.0,1133.3333333333333,true
833,FEMTO,66,5,1,0,6800.0,6800.0,false
834,FEMTO,66,5,1,0,6800.0,6800.0,false
835,FEMTO,66,5,1,0,6800.0,6800.0,false
836,FEMTO,66,5,1,0,6800.0,6800.0,false
837,FEMTO,66,5,1,0,6800.0,6800.0,false
838,FEMTO,66,5,1,0,6800.0,6800.0,false
839,FEMTO,66,5,1,0,6800.0,6800.0,false
840,FEMTO,66,5,1,0,6800.0,6800.0,false
841,FEMTO,66,5,1,1,6800.0,6800.0,true
842,FEMTO,66,5,1,3,6800.0,2266.6666666666665,true
843,FEMTO,2,20,1,0,6800.0,6800.0,false
844,FEMTO,2,20,1,0,6800.0,6800.0,false
845,FEMTO,2,20,1,0,6800.0,6800.0,false
846,FEMTO,2,20,1,0,6800.0,6800.0,false
847,FEMTO,2,20,1,0,6800.0,6800.0,false
848,FEMTO,2,20,1,0,6800.0,6800.0,false
849,FEMTO,2,20,1,0,6800.0,6800.0,true
850,FEMTO,2,20,1,0,6800.0,6800.0,false
851,FEMTO,2,20,1,0,6800.0,6800.0,false
852,FEMTO,2,20,1,0,6800.0,6800.0,false
853,FEMTO,2,20,1,0,6800.0,6800.0,false
854,FEMTO,2,20,1,0,6800.0,6800.0,true
855,FEMTO,7,9,1,0,6800.0,6800.0,false
856,FEMTO,7,9,1,0,6800.0,6800.0,true
857,FEMTO,7,9,1,1,6800.0,6800.0,true
858,FEMTO,7,9,1,0,6800.0,6800.0,false
859,FEMTO,7,9,1,0,6800.0,6800.0,false
860,FEMTO,7,9,1,0,6800.0,6800.0,false
861,FEMTO,7,9,1,0,6800.0,6800.0,false
862,FEMTO,7,9,1,0,6800.0,6800.0,false
863,FEMTO,7,9,1,0,6800.0,6800.0,false
864,FEMTO,7,9,1,0,6800.0,6800.0,false
865,FEMTO,7,9,1,1,6800.0,6800.0,true
866,FEMTO,7,9,1,0,6800.0,6800.0,false
867,FEMTO,31,18,1,0,6800.0,6800.0,false
868,FEMTO,31,18,1,0,6800.0,6800.0,false
869,FEMTO,31,18,1,0,6800.0,6800.0,false
870,FEMTO,31,18,1,0,6800.0,6800.0,false
871,FEMTO,31,18,1,1,6800.0,6800.0,true
872,FEMTO,31,18,1,0,6800.0,6800.0,true
873,FEMTO,31,18,1,0,6800.0,6800.0,false
874,FEMTO,31,18,1,0,6800.0,6800.0,false
875,FEMTO,31,18,1,0,6800.0,6800.0,false
876,FEMTO,31,18,1,0,6800.0,6800.0,false
877,FEMTO,31,18,1,0,6800.0,6800.0,false
878,FEMTO,31,18,1,0,6800.0,6800.0,false
879,FEMTO,65,32,1,0,6800.0,6800.0,false
880,FEMTO,65,32,1,0,6800.0,6800.0,false
881,FEMTO,65,32,1,0,6800.0,6800.0,false
882,FEMTO,65,32,1,0,6800.0,6800.0,false
883,FEMTO,65,32,1,0,6800.0,6800.0,false
884,FEMTO,65,32,1,2,6800.0,3400.0,true
885,FEMTO,65,32,1,0,6800.0,6800.0,false
886,FEMTO,65,32,1,0,6800.0,6800.0,true
887,FEMTO,65,32,1,0,6800.0,6800.0,false
888,FEMTO,65,32,1,0,6800.0,6800.0,false
889,FEMTO,65,32,1,0,6800.0,6800.0,true
890,FEMTO,65,32,1,0,6800.0,6800.0,false
891,FEMTO,27,72,1,1,6800.0,6800.0,true
892,FEMTO,27,72,1,0,6800.0,6800.0,false
893,FEMTO,27,72,1,0,6800.0,6800.0,false
894,FEMTO,27,72,1,0,6800.0,6800.0,false
895,FEMTO,27,72,1,0,6800.0,6800.0,false
896,FEMTO,27,72,1,0,6800.0,6800.0,false
897,FEMTO,27,72,1,1,6800.0,6800.0,true
898,FEMTO,27,72,1,0,6800.0,6800.0,false
899,FEMTO,27,72,1,1,6800.0,6800.0,true
900,FEMTO,27,72,1,0,6800.0,6800.0,false
901,FEMTO,27,72,1,0,6800.0,6800.0,false
902,FEMTO,27,72,1,0,6800.0,6800.0,false
903,FEMTO,95,51,1,0,6800.0,6800.0,false
904,FEMTO,95,51,1,0,6800.0,6800.0,false
905,FEMTO,95,51,1,0,6800.0,6800.0,false
906,FEMTO,95,51,1,0,6800.0,6800.0,true
907,FEMTO,95,51,1,0,6800.0,6800.0,false
908,FEMTO,95,51,1,0,6800.0,6800.0,false
909,FEMTO,95,51,1,0,6800.0,6800.0,false
910,FEMTO,95,51,1,0,6800.0,6800.0,false
911,FEMTO,95,51,1,0,6800.0,6800.0,false
912,FEMTO,95,51,1,0,6800.0,6800.0,false
913,FEMTO,95,51,1,0,6800.0,6800.0,false
914,FEMTO,95,51,1,0,6800.0,6800.0,false
915,FEMTO,66,32,1,0,6800.0,6800.0,false
916,FEMTO,66,32,1,0,6800.0,6800.0,false
917,FEMTO,66,32,1,0,6800.0,6800.0,false
918,FEMTO,66,32,1,0,6800.0,6800.0,false
919,FEMTO,66,32,1,0,6800.0,6800.0,false
920,FEMTO,66,32,1,0,6800.0,6800.0,false
921,FEMTO,66,32,1,0,6800.0,6800.0,false
922,FEMTO,66,32,1,0,6800.0,6800.0,false
923,FEMTO,66,32,1,0,6800.0,6800.0,false
924,FEMTO,66,32,1,1,6800.0,6800.0,true
925,FEMTO,66,32,1,1,6800.0,6800.0,true
926,FEMTO,66,32,1,0,6800.0,6800.0,false
927,FEMTO,0,54,1,0,6800.0,6800.0,false
928,FEMTO,0,54,1,0,6800.0,6800.0,false
929,FEMTO,0,54,1,0,6800.0,6800.0,false
930,FEMTO,0,54,1,0,6800.0,6800.0,false
931,FEMTO,0,54,1,0,6800.0,6800.0,true
932,FEMTO,0,54,1,0,6800.0,6800.0,false
933,FEMTO,0,54,1,0,6800.0,6800.0,false
934,FEMTO,0,54,1,0,6800.0,6800.0,false
935,FEMTO,0,54,1,0,6800.0,6800.0,false
936,FEMTO,0,54,1,0,6800.0,6800.0,false
937,FEMTO,0,54,1,0,6800.0,6800.0,false
938,FEMTO,0,54,1,0,6800.0,6800.0,false
939,FEMTO,92,67,1,0,6800.0,6800.0,false
940,FEMTO,92,67,1,0,6800.0,6800.0,false
941,FEMTO,92,67,1,0,6800.0,6800.0,false
942,FEMTO,92,67,1,0,6800.0,6800.0,false
943,FEMTO,92,67,1,0,6800.0,6800.0,false
944,FEMTO,92,67,1,0,6800.0,6800.0,false
945,FEMTO,92,67,1,0,6800.0,6800.0,false
946,FEMTO,92,67,1,0,6800.0,6800.0,true
947,FEMTO,92,67,1,0,6800.0,6800.0,false
948,FEMTO,92,67,1,0,6800.0,6800.0,false
949,FEMTO,92,67,1,0,6800.0,6800.0,false
950,FEMTO,92,67,1,0,6800.0,6800.0,false
951,FEMTO,29,0,1,0,6800.0,6800.0,false
952,FEMTO,29,0,1,0,6800.0,6800.0,true
953,FEMTO,29,0,1,0,6800.0,6800.0,true
954,FEMTO,29,0,1,0,6800.0,6800.0,false
955,FEMTO,29,0,1,0,6800.0,6800.0,false
956,FEMTO,29,0,1,0,6800.0,6800.0,false
957,FEMTO,29,0,1,0,6800.0,6800.0,false
958,FEMTO,29,0,1,0,6800.0,6800.0,false
959,FEMTO,29,0,1,0,6800.0,6800.0,false
960,FEMTO,29,0,1,0,6800.0,6800.0,false
961,FEMTO,29,0,1,0,6800.0,6800.0,false
962,FEMTO,29,0,1,0,6800.0,6800.0,false
963,FEMTO,98,27,1,0,6800.0,6800.0,false
964,FEMTO,98,27,1,0,6800.0,6800.0,false
965,FEMTO,98,27,1,0,6800.0,6800.0,true
966,FEMTO,98,27,1,0,6800.0,6800.0,false
967,FEMTO,98,27,1,0,6800.0,6800.0,true
968,FEMTO,98,27,1,0,6800.0,6800.0,false
969,FEMTO,98,27,1,0,6800.0,6800.0,true
970,FEMTO,98,27,1,0,6800.0,6800.0,false
971,FEMTO,98,27,1,0,6800.0,6800.0,false
972,FEMTO,98,27,1,0,6800.0,6800.0,false
973,FEMTO,98,27,1,0,6800.0,6800.0,true
974,FEMTO,98,27,1,0,6800.0,6800.0,false
975,FEMTO,51,57,1,0,6800.0,6800.0,false
976,FEMTO,51,57,1,0,6800.0,6800.0,false
977,FEMTO,51,57,1,0,6800.0,6800.0,false
978,FEMTO,51,57,1,0,6800.0,6800.0,true
979,FEMTO,51,57,1,0,6800.0,6800.0,true
980,FEMTO,51,57,1,0,6800.0,6800.0,false
981,FEMTO,51,57,1,0,6800.0,6800.0,false
982,FEMTO,51,57,1,0,6800.0,6800.0,false
983,FEMTO,51,57,1,0,6800.0,6800.0,false
984,FEMTO,51,57,1,0,6800.0,6800.0,false
985,FEMTO,51,57,1,0,6800.0,6800.0,true
986,FEMTO,51,57,1,0,6800.0,6800.0,false
987,FEMTO,31,29,1,0,6800.0,6800.0,true
988,FEMTO,31,29,1,0,6800.0,6800.0,false
989,FEMTO,31,29,1,0,6800.0,6800.0,true
990,FEMTO,31,29,1,1,6800.0,6800.0,true
991,FEMTO,31,29,1,1,6800.0,6800.0,true
992,FEMTO,31,29,1,1,6800.0,6800.0,true
993,FEMTO,31,29,1,0,6800.0,6800.0,false
994,FEMTO,31,29,1,0,6800.0,6800.0,false
995,FEMTO,31,29,1,0,6800.0,6800.0,false
996,FEMTO,31,29,1,0,6800.0,6800.0,true
997,FEMTO,31,29,1,0,6800.0,6800.0,false
998,FEMTO,31,29,1,0,6800.0,6800.0,false
999,FEMTO,48,67,1,0,6800.0,6800.0,false
1000,FEMTO,48,67,1,0,6800.0,6800.0,false
1001,FEMTO,48,67,1,0,6800.0,6800.0,false
1002,FEMTO,48,67,1,0,6800.0,6800.0,false
1003,FEMTO,48,67,1,0,6800.0,6800.0,false
1004,FEMTO,48,67,1,1,6800.0,6800.0,true
1005,FEMTO,48,67,1,0,6800.0,6800.0,false
1006,FEMTO,48,67,1,0,6800.0,6800.0,false
1007,FEMTO,48,67,1,0,6800.0,6800.0,false
1008,FEMTO,48,67,1,1,6800.0,6800.0,true
1009,FEMTO,48,67,1,0,6800.0,6800.0,false
1010,FEMTO,48,67,1,0,6800.0,6800.0,false
1011,FEMTO,16,58,1,1,6800.0,6800.0,true
1012,FEMTO,16,58,1,0,6800.0,6800.0,false
1013,FEMTO,16,58,1,0,6800.0,6800.0,false
1014,FEMTO,16,58,1,0,6800.0,6800.0,false
1015,FEMTO,16,58,1,0,6800.0,6800.0,false
1016,FEMTO,16,58,1,0,6800.0,6800.0,false
1017,FEMTO,16,58,1,0,6800.0,6800.0,false
1018,FEMTO,16,58,1,0,6800.0,6800.0,true
1019,FEMTO,16,58,1,0,6800.0,6800.0,false
1020,FEMTO,16,58,1,1,6800.0,6800.0,true
1021,FEMTO,16,58,1,1,6800.0,6800.0,true
1022,FEMTO,16,58,1,0,6800.0,6800.0,false
1023,FEMTO,88,97,1,0,6800.0,6800.0,false
1024,FEMTO,88,97,1,0,6800.0,6800.0,false
1025,FEMTO,88,97,1,1,6800.0,6800.0,true
1026,FEMTO,88,97,1,0,6800.0,6800.0,false
1027,FEMTO,88,97,1,0,6800.0,6800.0,false
1028,FEMTO,88,97,1,1,6800.0,6800.0,true
1029,FEMTO,88,97,1,0,6800.0,6800.0,false
1030,FEMTO,88,97,1,0,6800.0,6800.0,false
1031,FEMTO,88,97,1,0,6800.0,6800.0,true
1032,FEMTO,88,97,1,0,6800.0,6800.0,false
1033,FEMTO,88,97,1,0,6800.0,6800.0,false
1034,FEMTO,88,97,1,0,6800.0,6800.0,true
1035,FEMTO,73,0,1,0,6800.0,6800.0,false
1036,FEMTO,73,0,1,5,6800.0,1360.0,true
1037,FEMTO,73,0,1,0,6800.0,6800.0,false
1038,FEMTO,73,0,1,0,6800.0,6800.0,false
1039,FEMTO,73,0,1,0,6800.0,6800.0,false
1040,FEMTO,73,0,1,0,6800.0,6800.0,false
1041,FEMTO,73,0,1,0,6800.0,6800.0,false
1042,FEMTO,73,0,1,0,6800.0,6800.0,false
1043,FEMTO,73,0,1,0,6800.0,6800.0,false
1044,FEMTO,73,0,1,0,6800.0,6800.0,false
1045,FEMTO,73,0,1,2,6800.0,3400.0,true
1046,FEMTO,73,0,1,1,6800.0,6800.0,true
1047,FEMTO,52,55,1,0,6800.0,6800.0,false
1048,FEMTO,52,55,1,0,6800.0,6800.0,false
1049,FEMTO,52,55,1,0,6800.0,6800.0,true
1050,FEMTO,52,55,1,0,6800.0,6800.0,false
1051,FEMTO,52,55,1,0,6800.0,6800.0,false
1052,FEMTO,52,55,1,0,6800.0,6800.0,false
1053,FEMTO,52,55,1,0,6800.0,6800.0,false
1054,FEMTO,52,55,1,4,6800.0,1700.0,true
1055,FEMTO,52,55,1,3,6800.0,2266.6666666666665,true
1056,FEMTO,52,55,1,0,6800.0,6800.0,false
1057,FEMTO,52,55,1,1,6800.0,6800.0,true
1058,FEMTO,52,55,1,0,6800.0,6800.0,false
1059,FEMTO,15,56,1,0,6800.0,6800.0,true
1060,FEMTO,15,56,1,0,6800.0,6800.0,false
1061,FEMTO,15,56,1,0,6800.0,6800.0,false
1062,FEMTO,15,56,1,0,6800.0,6800.0,false
1063,FEMTO,15,56,1,0,6800.0,6800.0,false
1064,FEMTO,15,56,1,0,6800.0,6800.0,false
1065,FEMTO,15,56,1,0,6800.0,6800.0,false
1066,FEMTO,15,56,1,0,6800.0,6800.0,false
1067,FEMTO,15,56,1,0,6800.0,6800.0,false
1068,FEMTO,15,56,1,0,6800.0,6800.0,false
1069,FEMTO,15,56,1,0,6800.0,6800.0,false
1070,FEMTO,15,56,1,0,6800.0,6800.0,false
1071,FEMTO,48,5,1,0,6800.0,6800.0,false
1072,FEMTO,48,5,1,1,6800.0,6800.0,true
1073,FEMTO,48,5,1,1,6800.0,6800.0,true
1074,FEMTO,48,5,1,0,6800.0,6800.0,false
1075,FEMTO,48,5,1,0,6800.0,6800.0,false
1076,FEMTO,48,5,1,0,6800.0,6800.0,false
1077,FEMTO,48,5,1,0,6800.0,6800.0,false
1078,FEMTO,48,5,1,0,6800.0,6800.0,false
1079,FEMTO,48,5,1,0,6800.0,6800.0,false
1080,FEMTO,48,5,1,0,6800.0,6800.0,false
1081,FEMTO,48,5,1,0,6800.0,6800.0,false
1082,FEMTO,48,5,1,2,6800.0,3400.0,true
1083,FEMTO,7,86,1,0,6800.0,6800.0,true
1084,FEMTO,7,86,1,0,6800.0,6800.0,false
1085,FEMTO,7,86,1,0,6800.0,6800.0,true
1086,FEMTO,7,86,1,0,6800.0,6800.0,false
1087,FEMTO,7,86,1,0,6800.0,6800.0,false
1088,FEMTO,7,86,1,0,6800.0,6800.0,false
1089,FEMTO,7,86,1,0,6800.0,6800.0,true
1090,FEMTO,7,86,1,0,6800.0,6800.0,false
1091,FEMTO,7,86,1,2,6800.0,3400.0,true
1092,FEMTO,7,86,1,0,6800.0,6800.0,false
1093,FEMTO,7,86,1,0,6800.0,6800.0,false
1094,FEMTO,7,86,1,0,6800.0,6800.0,true
1095,FEMTO,37,86,1,0,6800.0,6800.0,false
1096,FEMTO,37,86,1,0,6800.0,6800.0,true
1097,FEMTO,37,86,1,0,6800.0,6800.0,false
1098,FEMTO,37,86,1,0,6800.0,6800.0,false
1099,FEMTO,37,86,1,0,6800.0,6800.0,false
1100,FEMTO,37,86,1,0,6800.0,6800.0,false
1101,FEMTO,37,86,1,0,6800.0,6800.0,false
1102,FEMTO,37,86,1,0,6800.0,6800.0,true
1103,FEMTO,37,86,1,0,6800.0,6800.0,false
1104,FEMTO,37,86,1,0,6800.0,6800.0,false
1105,FEMTO,37,86,1,0,6800.0,6800.0,false
1106,FEMTO,37,86,1,0,6800.0,6800.0,false
1107,FEMTO,30,43,1,0,6800.0,6800.0,false
1108,FEMTO,30,43,1,0,6800.0,6800.0,false
1109,FEMTO,30,43,1,0,6800.0,6800.0,false
1110,FEMTO,30,43,1,0,6800.0,6800.0,true
1111,FEMTO,30,43,1,0,6800.0,6800.0,false
1112,FEMTO,30,43,1,2,6800.0,3400.0,true
1113,FEMTO,30,43,1,0,6800.0,6800.0,false
1114,FEMTO,30,43,1,0,6800.0,6800.0,false
1115,FEMTO,30,43,1,0,6800.0,6800.0,false
1116,FEMTO,30,43,1,0,6800.0,6800.0,false
1117,FEMTO,30,43,1,0,6800.0,6800.0,false
1118,FEMTO,30,43,1,0,6800.0,6800.0,false
1119,FEMTO,36,86,1,0,6800.0,6800.0,false
1120,FEMTO,36,86,1,0,6800.0,6800.0,false
1121,FEMTO,36,86,1,0,6800.0,6800.0,true
1122,FEMTO,36,86,1,0,6800.0,6800.0,false
1123,FEMTO,36,86,1,0,6800.0,6800.0,false
1124,FEMTO,36,86,1,0,6800.0,6800.0,true
1125,FEMTO,36,86,1,0,6800.0,6800.0,false
1126,FEMTO,36,86,1,0,6800.0,6800.0,false
1127,FEMTO,36,86,1,0,6800.0,6800.0,false
1128,FEMTO,36,86,1,0,6800.0,6800.0,false
1129,FEMTO,36,86,1,0,6800.0,6800.0,true
1130,FEMTO,36,86,1,0,6800.0,6800.0,true
1131,FEMTO,9,60,1,0,6800.0,6800.0,true
1132,FEMTO,9,60,1,0,6800.0,6800.0,false
1133,FEMTO,9,60,1,0,6800.0,6800.0,true
1134,FEMTO,9,60,1,0,6800.0,6800.0,false
1135,FEMTO,9,60,1,0,6800.0,6800.0,false
1136,FEMTO,9,60,1,0,6800.0,6800.0,false
1137,FEMTO,9,60,1,0,6800.0,6800.0,false
1138,FEMTO,9,60,1,0,6800.0,6800.0,false
1139,FEMTO,9,60,1,0,6800.0,6800.0,true
1140,FEMTO,9,60,1,0,6800.0,6800.0,false
1141,FEMTO,9,60,1,0,6800.0,6800.0,true
1142,FEMTO,9,60,1,0,6800.0,6800.0,false
1143,FEMTO,94,96,1,0,6800.0,6800.0,false
1144,FEMTO,94,96,1,1,6800.0,6800.0,true
1145,FEMTO,94,96,1,0,6800.0,6800.0,false
1146,FEMTO,94,96,1,1,6800.0,6800.0,true
1147,FEMTO,94,96,1,0,6800.0,6800.0,false
1148,FEMTO,94,96,1,1,6800.0,6800.0,true
1149,FEMTO,94,96,1,1,6800.0,6800.0,true
1150,FEMTO,94,96,1,0,6800.0,6800.0,false
1151,FEMTO,94,96,1,0,6800.0,6800.0,false
1152,FEMTO,94,96,1,0,6800.0,6800.0,false
1153,FEMTO,94,96,1,0,6800.0,6800.0,false
1154,FEMTO,94,96,1,0,6800.0,6800.0,false
1155,FEMTO,30,23,1,1,6800.0,6800.0,true
1156,FEMTO,30,23,1,0,6800.0,6800.0,false
1157,FEMTO,30,23,1,0,6800.0,6800.0,false
1158,FEMTO,30,23,1,0,6800.0,6800.0,false
1159,FEMTO,30,23,1,0,6800.0,6800.0,true
1160,FEMTO,30,23,1,0,6800.0,6800.0,false
1161,FEMTO,30,23,1,0,6800.0,6800.0,false
1162,FEMTO,30,23,1,0,6800.0,6800.0,false
1163,FEMTO,30,23,1,0,6800.0,6800.0,false
1164,FEMTO,30,23,1,0,6800.0,6800.0,false
1165,FEMTO,30,23,1,0,6800.0,6800.0,false
1166,FEMTO,30,23,1,0,6800.0,6800.0,false
1167,FEMTO,67,12,1,0,6800.0,6800.0,false
1168,FEMTO,67,12,1,0,6800.0,6800.0,false
1169,FEMTO,67,12,1,1,6800.0,6800.0,true
1170,FEMTO,67,12,1,3,6800.0,2266.6666666666665,true
1171,FEMTO,67,12,1,0,6800.0,6800.0,false
1172,FEMTO,67,12,1,0,6800.0,6800.0,false
1173,FEMTO,67,12,1,0,6800.0,6800.0,false
1174,FEMTO,67,12,1,1,6800.0,6800.0,true
1175,FEMTO,67,12,1,0,6800.0,6800.0,false
1176,FEMTO,67,12,1,10,6800.0,680.0,true
1177,FEMTO,67,12,1,0,6800.0,6800.0,false
1178,FEMTO,67,12,1,0,6800.0,6800.0,false
1179,FEMTO,40,14,1,0,6800.0,6800.0,false
1180,FEMTO,40,14,1,0,6800.0,6800.0,false
1181,FEMTO,40,14,1,0,6800.0,6800.0,true
1182,FEMTO,40,14,1,0,6800.0,6800.0,false
1183,FEMTO,40,14,1,1,6800.0,6800.0,true
1184,FEMTO,40,14,1,0,6800.0,6800.0,false
1185,FEMTO,40,14,1,0,6800.0,6800.0,false
1186,FEMTO,40,14,1,0,6800.0,6800.0,false
1187,FEMTO,40,14,1,0,6800.0,6800.0,false
1188,FEMTO,40,14,1,0,6800.0,6800.0,true
1189,FEMTO,40,14,1,0,6800.0,6800.0,false
1190,FEMTO,40,14,1,1,6800.0,6800.0,true
1191,FEMTO,79,17,1,0,6800.0,6800.0,false
1192,FEMTO,79,17,1,0,6800.0,6800.0,false
1193,FEMTO,79,17,1,0,6800.0,6800.0,false
1194,FEMTO,79,17,1,0,6800.0,6800.0,false
1195,FEMTO,79,17,1,0,6800.0,6800.0,true
1196,FEMTO,79,17,1,1,6800.0,6800.0,true
1197,FEMTO,79,17,1,0,6800.0,6800.0,true
1198,FEMTO,79,17,1,0,6800.0,6800.0,false
1199,FEMTO,79,17,1,0,6800.0,6800.0,false
1200,FEMTO,79,17,1,2,6800.0,3400.0,true
1201,FEMTO,79,17,1,1,6800.0,6800.0,true
1202,FEMTO,79,17,1,0,6800.0,6800.0,false
1203,FEMTO,54,72,1,0,6800.0,6800.0,false
1204,FEMTO,54,72,1,0,6800.0,6800.0,false
1205,FEMTO,54,72,1,0,6800.0,6800.0,true
1206,FEMTO,54,72,1,0,6800.0,6800.0,false
1207,FEMTO,54,72,1,1,6800.0,6800.0,true
1208,FEMTO,54,72,1,0,6800.0,6800.0,false
1209,FEMTO,54,72,1,0,6800.0,6800.0,false
1210,FEMTO,54,72,1,0,6800.0,6800.0,false
1211,FEMTO,54,72,1,0,6800.0,6800.0,false
1212,FEMTO,54,72,1,0,6800.0,6800.0,false
1213,FEMTO,54,72,1,0,6800.0,6800.0,false
1214,FEMTO,54,72,1,0,6800.0,6800.0,false
1215,FEMTO,52,60,1,0,6800.0,6800.0,false
1216,FEMTO,52,60,1,0,6800.0,6800.0,true
1217,FEMTO,52,60,1,0,6800.0,6800.0,true
1218,FEMTO,52,60,1,0,6800.0,6800.0,false
1219,FEMTO,52,60,1,0,6800.0,6800.0,false
1220,FEMTO,52,60,1,0,6800.0,6800.0,false
1221,FEMTO,52,60,1,0,6800.0,6800.0,true
1222,FEMTO,52,60,1,0,6800.0,6800.0,false
1223,FEMTO,52,60,1,0,6800.0,6800.0,false
1224,FEMTO,52,60,1,0,6800.0,6800.0,true
1225,FEMTO,52,60,1,0,6800.0,6800.0,false
1226,FEMTO,52,60,1,0,6800.0,6800.0,true
0,MICRO,2,18,2,0,500.0,500.0,false
1,MICRO,2,18,2,0,500.0,500.0,false
2,MICRO,2,18,2,0,500.0,500.0,false
3,MICRO,82,56,2,0,500.0,500.0,false
4,MICRO,82,56,2,0,500.0,500.0,true
5,MICRO,82,56,2,0,500.0,500.0,false
6,MICRO,12,33,2,0,500.0,500.0,false
7,MICRO,12,33,2,0,500.0,500.0,false
8,MICRO,12,33,2,0,500.0,500.0,false
9,MICRO,66,14,2,0,500.0,500.0,false
10,MICRO,66,14,2,0,500.0,500.0,false
11,MICRO,66,14,2,0,500.0,500.0,false
12,MICRO,53,70,2,0,500.0,500.0,false
13,MICRO,53,70,2,0,500.0,500.0,false
14,MICRO,53,70,2,0,500.0,500.0,true
15,MICRO,4,19,2,0,500.0,500.0,false
16,MICRO,4,19,2,0,500.0,500.0,false
17,MICRO,4,19,2,0,500.0,500.0,false
18,MICRO,31,64,2,0,500.0,500.0,false
19,MICRO,31,64,2,0,500.0,500.0,false
20,MICRO,31,64,2,0,500.0,500.0,false
21,MICRO,75,95,2,0,500.0,500.0,false
22,MICRO,75,95,2,0,500.0,500.0,false
23,MICRO,75,95,2,0,500.0,500.0,false
24,MICRO,64,67,2,0,500.0,500.0,false
25,MICRO,64,67,2,0,500.0,500.0,false
26,MICRO,64,67,2,0,500.0,500.0,false
27,MICRO,5,18,2,0,500.0,500.0,false
28,MICRO,5,18,2,0,500.0,500.0,true
29,MICRO,5,18,2,0,500.0,500.0,false
30,MICRO,73,96,2,0,500.0,500.0,false
31,MICRO,73,96,2,0,500.0,500.0,false
32,MICRO,73,96,2,0,500.0,500.0,false
33,MICRO,57,23,2,0,500.0,500.0,false
34,MICRO,57,23,2,0,500.0,500.0,false
35,MICRO,57,23,2,0,500.0,500.0,true
36,MICRO,46,86,2,0,500.0,500.0,true
37,MICRO,46,86,2,0,500.0,500.0,false
38,MICRO,46,86,2,0,500.0,500.0,false
39,MICRO,92,70,2,0,500.0,500.0,false
40,MICRO,92,70,2,0,500.0,500.0,false
41,MICRO,92,70,2,0,500.0,500.0,false
42,MICRO,12,66,2,0,500.0,500.0,false
43,MICRO,12,66,2,0,500.0,500.0,true
44,MICRO,12,66,2,0,500.0,500.0,false
45,MICRO,29,78,2,0,500.0,500.0,false
46,MICRO,29,78,2,0,500.0,500.0,false
47,MICRO,29,78,2,0,500.0,500.0,false
48,MICRO,52,68,2,0,500.0,500.0,false
49,MICRO,52,68,2,0,500.0,500.0,true
50,MICRO,52,68,2,0,500.0,500.0,false
51,MICRO,62,74,2,0,500.0,500.0,false
52,MICRO,62,74,2,0,500.0,500.0,false
53,MICRO,62,74,2,0,500.0,500.0,false
54,MICRO,49,98,2,0,500.0,500.0,false
55,MICRO,49,98,2,0,500.0,500.0,false
56,MICRO,49,98,2,0,500.0,500.0,false
57,MICRO,6,48,2,0,500.0,500.0,false
58,MICRO,6,48,2,0,500.0,500.0,false
59,MICRO,6,48,2,0,500.0,500.0,false
60,MICRO,73,74,2,0,500.0,500.0,false
61,MICRO,73,74,2,0,500.0,500.0,false
62,MICRO,73,74,2,0,500.0,500.0,false
63,MICRO,22,9,2,0,500.0,500.0,false
64,MICRO,22,9,2,0,500.0,500.0,false
65,MICRO,22,9,2,0,500.0,500.0,false
66,MICRO,9,46,2,0,500.0,500.0,false
67,MICRO,9,46,2,0,500.0,500.0,false
68,MICRO,9,46,2,0,500.0,500.0,true
69,MICRO,42,15,2,0,500.0,500.0,false
70,MICRO,42,15,2,0,500.0,500.0,false
71,MICRO,42,15,2,0,500.0,500.0,false
72,MICRO,1,22,2,0,500.0,500.0,false
73,MICRO,1,22,2,0,500.0,500.0,false
74,MICRO,1,22,2,0,500.0,500.0,false
75,PICO,2,18,1,0,2800.0,2800.0,false
76,PICO,2,18,1,0,2800.0,2800.0,false
77,PICO,2,18,1,0,2800.0,2800.0,false
78,PICO,2,18,1,0,2800.0,2800.0,false
79,PICO,2,18,1,0,2800.0,2800.0,false
80,PICO,2,18,1,0,2800.0,2800.0,false
81,PICO,82,56,1,0,2800.0,2800.0,false
82,PICO,82,56,1,0,2800.0,2800.0,false
83,PICO,82,56,1,0,2800.0,2800.0,false
84,PICO,82,56,1,0,2800.0,2800.0,false
85,PICO,82,56,1,0,2800.0,2800.0,false
86,PICO,82,56,1,0,2800.0,2800.0,false
87,PICO,12,33,1,0,2800.0,2800.0,false
88,PICO,12,33,1,0,2800.0,2800.0,true
89,PICO,12,33,1,0,2800.0,2800.0,false
90,PICO,12,33,1,0,2800.0,2800.0,false
91,PICO,12,33,1,0,2800.0,2800.0,false
92,PICO,12,33,1,0,2800.0,2800.0,false
93,PICO,66,14,1,0,2800.0,2800.0,false
94,PICO,66,14,1,0,2800.0,2800.0,false
95,PICO,66,14,1,0,2800.0,2800.0,false
96,PICO,66,14,1,0,2800.0,2800.0,false
97,PICO,66,14,1,0,2800.0,2800.0,false
98,PICO,66,14,1,0,2800.0,2800.0,true
99,PICO,53,70,1,0,2800.0,2800.0,false
100,PICO,53,70,1,0,2800.0,2800.0,false
101,PICO,53,70,1,0,2800.0,2800.0,false
102,PICO,53,70,1,0,2800.0,2800.0,false
103,PICO,53,70,1,0,2800.0,2800.0,false
104,PICO,53,70,1,0,2800.0,2800.0,false
105,PICO,4,19,1,0,2800.0,2800.0,false
106,PICO,4,19,1,0,2800.0,2800.0,false
107,PICO,4,19,1,0,2800.0,2800.0,false
108,PICO,4,19,1,0,2800.0,2800.0,true
109,PICO,4,19,1,0,2800.0,2800.0,false
110,PICO,4,19,1,0,2800.0,2800.0,true
111,PICO,31,64,1,0,2800.0,2800.0,false
112,PICO,31,64,1,0,2800.0,2800.0,true
113,PICO,31,64,1,1,2800.0,2800.0,true
114,PICO,31,64,1,0,2800.0,2800.0,false
115,PICO,31,64,1,0,2800.0,2800.0,false
116,PICO,31,64,1,0,2800.0,2800.0,false
117,PICO,75,95,1,0,2800.0,2800.0,false
118,PICO,75,95,1,0,2800.0,2800.0,false
119,PICO,75,95,1,0,2800.0,2800.0,false
120,PICO,75,95,1,0,2800.0,2800.0,true
121,PICO,75,95,1,0,2800.0,2800.0,false
122,PICO,75,95,1,2,2800.0,1400.0,true
123,PICO,64,67,1,0,2800.0,2800.0,false
124,PICO,64,67,1,0,2800.0,2800.0,false
125,PICO,64,67,1,0,2800.0,2800.0,false
126,PICO,64,67,1,0,2800.0,2800.0,true
127,PICO,64,67,1,0,2800.0,2800.0,false
128,PICO,64,67,1,0,2800.0,2800.0,false
129,PICO,5,18,1,0,2800.0,2800.0,false
130,PICO,5,18,1,0,2800.0,2800.0,false
131,PICO,5,18,1,0,2800.0,2800.0,false
132,PICO,5,18,1,0,2800.0,2800.0,false
133,PICO,5,18,1,0,2800.0,2800.0,false
134,PICO,5,18,1,0,2800.0,2800.0,false
135,PICO,73,96,1,0,2800.0,2800.0,true
136,PICO,73,96,1,0,2800.0,2800.0,true
137,PICO,73,96,1,0,2800.0,2800.0,false
138,PICO,73,96,1,0,2800.0,2800.0,false
139,PICO,73,96,1,0,2800.0,2800.0,false
140,PICO,73,96,1,0,2800.0,2800.0,false
141,PICO,57,23,1,34,2800.0,82.3529411764706,true
142,PICO,57,23,1,0,2800.0,2800.0,false
143,PICO,57,23,1,0,2800.0,2800.0,true
144,PICO,57,23,1,0,2800.0,2800.0,false
145,PICO,57,23,1,0,2800.0,2800.0,true
146,PICO,57,23,1,0,2800.0,2800.0,true
147,PICO,46,86,1,0,2800.0,2800.0,false
148,PICO,46,86,1,0,2800.0,2800.0,false
149,PICO,46,86,1,0,2800.0,2800.0,false
150,PICO,46,86,1,0,2800.0,2800.0,false
151,PICO,46,86,1,0,2800.0,2800.0,true
152,PICO,46,86,1,0,2800.0,2800.0,false
153,PICO,92,70,1,0,2800.0,2800.0,false
154,PICO,92,70,1,0,2800.0,2800.0,false
155,PICO,92,70,1,0,2800.0,2800.0,false
156,PICO,92,70,1,0,2800.0,2800.0,false
157,PICO,92,70,1,0,2800.0,2800.0,true
158,PICO,92,70,1,0,2800.0,2800.0,false
159,PICO,12,66,1,0,2800.0,2800.0,true
160,PICO,12,66,1,0,2800.0,2800.0,false
161,PICO,12,66,1,0,2800.0,2800.0,false
162,PICO,12,66,1,0,2800.0,2800.0,false
163,PICO,12,66,1,0,2800.0,2800.0,true
164,PICO,12,66,1,0,2800.0,2800.0,false
165,PICO,29,78,1,0,2800.0,2800.0,false
166,PICO,29,78,1,0,2800.0,2800.0,false
167,PICO,29,78,1,0,2800.0,2800.0,false
168,PICO,29,78,1,0,2800.0,2800.0,false
169,PICO,29,78,1,0,2800.0,2800.0,false
170,PICO,29,78,1,0,2800.0,2800.0,true
171,PICO,52,68,1,0,2800.0,2800.0,false
172,PICO,52,68,1,0,2800.0,2800.0,false
173,PICO,52,68,1,0,2800.0,2800.0,false
174,PICO,52,68,1,0,2800.0,2800.0,false
175,PICO,52,68,1,0,2800.0,2800.0,false
176,PICO,52,68,1,0,2800.0,2800.0,false
177,PICO,62,74,1,0,2800.0,2800.0,false
178,PICO,62,74,1,0,2800.0,2800.0,false
179,PICO,62,74,1,0,2800.0,2800.0,false
180,PICO,62,74,1,0,2800.0,2800.0,false
181,PICO,62,74,1,0,2800.0,2800.0,true
182,PICO,62,74,1,0,2800.0,2800.0,false
183,PICO,49,98,1,2,2800.0,1400.0,true
184,PICO,49,98,1,0,2800.0,2800.0,false
185,PICO,49,98,1,0,2800.0,2800.0,false
186,PICO,49,98,1,0,2800.0,2800.0,false
187,PICO,49,98,1,0,2800.0,2800.0,false
188,PICO,49,98,1,0,2800.0,2800.0,false
189,PICO,6,48,1,0,2800.0,2800.0,false
190,PICO,6,48,1,0,2800.0,2800.0,false
191,PICO,6,48,1,0,2800.0,2800.0,false
192,PICO,6,48,1,0,2800.0,2800.0,false
193,PICO,6,48,1,0,2800.0,2800.0,false
194,PICO,6,48,1,0,2800.0,2800.0,true
195,PICO,73,74,1,0,2800.0,2800.0,false
196,PICO,73,74,1,0,2800.0,2800.0,false
197,PICO,73,74,1,0,2800.0,2800.0,false
198,PICO,73,74,1,0,2800.0,2800.0,false
199,PICO,73,74,1,0,2800.0,2800.0,false
200,PICO,73,74,1,0,2800.0,2800.0,false
201,PICO,22,9,1,0,2800.0,2800.0,true
202,PICO,22,9,1,0,2800.0,2800.0,false
203,PICO,22,9,1,0,2800.0,2800.0,true
204,PICO,22,9,1,0,2800.0,2800.0,false
205,PICO,22,9,1,0,2800.0,2800.0,false
206,PICO,22,9,1,0,2800.0,2800.0,true
207,PICO,9,46,1,0,2800.0,2800.0,false
208,PICO,9,46,1,0,2800.0,2800.0,false
209,PICO,9,46,1,0,2800.0,2800.0,false
210,PICO,9,46,1,0,2800.0,2800.0,false
211,PICO,9,46,1,0,2800.0,2800.0,false
212,PICO,9,46,1,0,2800.0,2800.0,false
213,PICO,42,15,1,0,2800.0,2800.0,false
214,PICO,42,15,1,0,2800.0,2800.0,false
215,PICO,42,15,1,0,2800.0,2800.0,false
216,PICO,42,15,1,0,2800.0,2800.0,false
217,PICO,42,15,1,0,2800.0,2800.0,false
218,PICO,42,15,1,2,2800.0,1400.0,true
219,PICO,1,22,1,0,2800.0,2800.0,true
220,PICO,1,22,1,0,2800.0,2800.0,false
221,PICO,1,22,1,0,2800.0,2800.0,false
222,PICO,1,22,1,0,2800.0,2800.0,false
223,PICO,1,22,1,0,2800.0,2800.0,false
224,PICO,1,22,1,0,2800.0,2800.0,true
225,PICO,49,41,1,0,2800.0,2800.0,false
226,PICO,49,41,1,0,2800.0,2800.0,false
227,PICO,49,41,1,0,2800.0,2800.0,true
228,PICO,49,41,1,0,2800.0,2800.0,true
229,PICO,49,41,1,0,2800.0,2800.0,false
230,PICO,49,41,1,0,2800.0,2800.0,false
231,PICO,91,74,1,0,2800.0,2800.0,true
232,PICO,91,74,1,1,2800.0,2800.0,true
233,PICO,91,74,1,0,2800.0,2800.0,false
234,PICO,91,74,1,0,2800.0,2800.0,false
235,PICO,91,74,1,0,2800.0,2800.0,false
236,PICO,91,74,1,2,2800.0,1400.0,true
237,PICO,52,33,1,0,2800.0,2800.0,false
238,PICO,52,33,1,0,2800.0,2800.0,true
239,PICO,52,33,1,0,2800.0,2800.0,false
240,PICO,52,33,1,0,2800.0,2800.0,false
241,PICO,52,33,1,0,2800.0,2800.0,false
242,PICO,52,33,1,0,2800.0,2800.0,true
243,PICO,55,30,1,0,2800.0,2800.0,false
244,PICO,55,30,1,0,2800.0,2800.0,false
245,PICO,55,30,1,0,2800.0,2800.0,false
246,PICO,55,30,1,0,2800.0,2800.0,false
247,PICO,55,30,1,0,2800.0,2800.0,false
248,PICO,55,30,1,0,2800.0,2800.0,false
249,PICO,50,53,1,0,2800.0,2800.0,false
250,PICO,50,53,1,0,2800.0,2800.0,false
251,PICO,50,53,1,0,2800.0,2800.0,true
252,PICO,50,53,1,0,2800.0,2800.0,false
253,PICO,50,53,1,0,2800.0,2800.0,false
254,PICO,50,53,1,0,2800.0,2800.0,false
255,PICO,82,54,1,0,2800.0,2800.0,false
256,PICO,82,54,1,0,2800.0,2800.0,false
257,PICO,82,54,1,0,2800.0,2800.0,false
258,PICO,82,54,1,0,2800.0,2800.0,false
259,PICO,82,54,1,0,2800.0,2800.0,false
260,PICO,82,54,1,0,2800.0,2800.0,false
261,PICO,66,5,1,0,2800.0,2800.0,false
262,PICO,66,5,1,0,2800.0,2800.0,false
263,PICO,66,5,1,0,2800.0,2800.0,false
264,PICO,66,5,1,0,2800.0,2800.0,false
265,PICO,66,5,1,0,2800.0,2800.0,false
266,PICO,66,5,1,1,2800.0,2800.0,true
267,PICO,2,20,1,0,2800.0,2800.0,false
268,PICO,2,20,1,0,2800.0,2800.0,false
269,PICO,2,20,1,0,2800.0,2800.0,false
270,PICO,2,20,1,0,2800.0,2800.0,true
271,PICO,2,20,1,0,2800.0,2800.0,false
272,PICO,2,20,1,0,2800.0,2800.0,false
273,PICO,7,9,1,0,2800.0,2800.0,false
274,PICO,7,9,1,0,2800.0,2800.0,false
275,PICO,7,9,1,0,2800.0,2800.0,false
276,PICO,7,9,1,0,2800.0,2800.0,false
277,PICO,7,9,1,0,2800.0,2800.0,false
278,PICO,7,9,1,0,2800.0,2800.0,false
279,PICO,31,18,1,0,2800.0,2800.0,false
280,PICO,31,18,1,0,2800.0,2800.0,false
281,PICO,31,18,1,0,2800.0,2800.0,false
282,PICO,31,18,1,0,2800.0,2800.0,false
283,PICO,31,18,1,0,2800.0,2800.0,true
284,PICO,31,18,1,0,2800.0,2800.0,false
285,PICO,65,32,1,0,2800.0,2800.0,false
286,PICO,65,32,1,0,2800.0,2800.0,false
287,PICO,65,32,1,0,2800.0,2800.0,false
288,PICO,65,32,1,0,2800.0,2800.0,false
289,PICO,65,32,1,0,2800.0,2800.0,false
290,PICO,65,32,1,0,2800.0,2800.0,false
291,PICO,27,72,1,0,2800.0,2800.0,false
292,PICO,27,72,1,1,2800.0,2800.0,true
293,PICO,27,72,1,0,2800.0,2800.0,false
294,PICO,27,72,1,0,2800.0,2800.0,false
295,PICO,27,72,1,0,2800.0,2800.0,false
296,PICO,27,72,1,0,2800.0,2800.0,false
297,PICO,95,51,1,0,2800.0,2800.0,true
298,PICO,95,51,1,0,2800.0,2800.0,true
299,PICO,95,51,1,0,2800.0,2800.0,false
300,PICO,95,51,1,0,2800.0,2800.0,false
301,PICO,95,51,1,0,2800.0,2800.0,false
302,PICO,95,51,1,0,2800.0,2800.0,false
303,PICO,66,32,1,0,2800.0,2800.0,false
304,PICO,66,32,1,0,2800.0,2800.0,false
305,PICO,66,32,1,0,2800.0,2800.0,true
306,PICO,66,32,1,0,2800.0,2800.0,false
307,PICO,66,32,1,0,2800.0,2800.0,false
308,PICO,66,32,1,0,2800.0,2800.0,false
309,PICO,0,54,1,0,2800.0,2800.0,false
310,PICO,0,54,1,0,2800.0,2800.0,false
311,PICO,0,54,1,0,2800.0,2800.0,true
312,PICO,0,54,1,0,2800.0,2800.0,true
313,PICO,0,54,1,0,2800.0,2800.0,false
314,PICO,0,54,1,0,2800.0,2800.0,false
315,PICO,92,67,1,0,2800.0,2800.0,false
316,PICO,92,67,1,1,2800.0,2800.0,true
317,PICO,92,67,1,0,2800.0,2800.0,false
318,PICO,92,67,1,0,2800.0,2800.0,false
319,PICO,92,67,1,0,2800.0,2800.0,false
320,PICO,92,67,1,0,2800.0,2800.0,false
321,PICO,29,0,1,0,2800.0,2800.0,true
322,PICO,29,0,1,0,2800.0,2800.0,false
323,PICO,29,0,1,0,2800.0,2800.0,false
324,PICO,29,0,1,0,2800.0,2800.0,false
325,PICO,29,0,1,0,2800.0,2800.0,true
326,PICO,29,0,1,0,2800.0,2800.0,false
327,PICO,98,27,1,0,2800.0,2800.0,false
328,PICO,98,27,1,0,2800.0,2800.0,false
329,PICO,98,27,1,0,2800.0,2800.0,false
330,PICO,98,27,1,0,2800.0,2800.0,false
331,PICO,98,27,1,0,2800.0,2800.0,false
332,PICO,98,27,1,0,2800.0,2800.0,true
333,PICO,51,57,1,0,2800.0,2800.0,false
334,PICO,51,57,1,0,2800.0,2800.0,false
335,PICO,51,57,1,0,2800.0,2800.0,false
336,PICO,51,57,1,0,2800.0,2800.0,false
337,PICO,51,57,1,0,2800.0,2800.0,false
338,PICO,51,57,1,0,2800.0,2800.0,false
339,PICO,31,29,1,0,2800.0,2800.0,true
340,PICO,31,29,1,0,2800.0,2800.0,false
341,PICO,31,29,1,0,2800.0,2800.0,false
342,PICO,31,29,1,0,2800.0,2800.0,false
343,PICO,31,29,1,0,2800.0,2800.0,false
344,PICO,31,29,1,0,2800.0,2800.0,false
345,PICO,48,67,1,0,2800.0,2800.0,false
346,PICO,48,67,1,0,2800.0,2800.0,false
347,PICO,48,67,1,0,2800.0,2800.0,false
348,PICO,48,67,1,0,2800.0,2800.0,false
349,PICO,48,67,1,0,2800.0,2800.0,false
350,PICO,48,67,1,0,2800.0,2800.0,true
351,PICO,16,58,1,1,2800.0,2800.0,true
352,PICO,16,58,1,0,2800.0,2800.0,false
353,PICO,16,58,1,0,2800.0,2800.0,false
354,PICO,16,58,1,0,2800.0,2800.0,false
355,PICO,16,58,1,0,2800.0,2800.0,true
356,PICO,16,58,1,0,2800.0,2800.0,false
357,PICO,88,97,1,0,2800.0,2800.0,false
358,PICO,88,97,1,0,2800.0,2800.0,false
359,PICO,88,97,1,0,2800.0,2800.0,true
360,PICO,88,97,1,0,2800.0,2800.0,false
361,PICO,88,97,1,0,2800.0,2800.0,false
362,PICO,88,97,1,0,2800.0,2800.0,false
363,PICO,73,0,1,8,2800.0,350.0,true
364,PICO,73,0,1,0,2800.0,2800.0,false
365,PICO,73,0,1,0,2800.0,2800.0,false
366,PICO,73,0,1,0,2800.0,2800.0,false
367,PICO,73,0,1,0,2800.0,2800.0,false
368,PICO,73,0,1,0,2800.0,2800.0,true
369,PICO,52,55,1,2,2800.0,1400.0,true
370,PICO,52,55,1,0,2800.0,2800.0,false
371,PICO,52,55,1,0,2800.0,2800.0,false
372,PICO,52,55,1,4,2800.0,700.0,true
373,PICO,52,55,1,1,2800.0,2800.0,true
374,PICO,52,55,1,1,2800.0,2800.0,true
375,PICO,15,56,1,0,2800.0,2800.0,true
376,PICO,15,56,1,0,2800.0,2800.0,false
377,PICO,15,56,1,0,2800.0,2800.0,false
378,PICO,15,56,1,0,2800.0,2800.0,false
379,PICO,15,56,1,0,2800.0,2800.0,true
380,PICO,15,56,1,0,2800.0,2800.0,true
381,PICO,48,5,1,0,2800.0,2800.0,false
382,PICO,48,5,1,0,2800.0,2800.0,false
383,PICO,48,5,1,0,2800.0,2800.0,false
384,PICO,48,5,1,0,2800.0,2800.0,false
385,PICO,48,5,1,0,2800.0,2800.0,false
386,PICO,48,5,1,0,2800.0,2800.0,false
387,PICO,7,86,1,0,2800.0,2800.0,false
388,PICO,7,86,1,0,2800.0,2800.0,false
389,PICO,7,86,1,0,2800.0,2800.0,false
390,PICO,7,86,1,0,2800.0,2800.0,false
391,PICO,7,86,1,0,2800.0,2800.0,false
392,PICO,7,86,1,0,2800.0,2800.0,false
393,PICO,37,86,1,0,2800.0,2800.0,false
394,PICO,37,86,1,1,2800.0,2800.0,true
395,PICO,37,86,1,0,2800.0,2800.0,false
396,PICO,37,86,1,0,2800.0,2800.0,false
397,PICO,37,86,1,0,2800.0,2800.0,false
398,PICO,37,86,1,0,2800.0,2800.0,false
399,PICO,30,43,1,0,2800.0,2800.0,false
400,PICO,30,43,1,0,2800.0,2800.0,false
401,PICO,30,43,1,0,2800.0,2800.0,false
402,PICO,30,43,1,0,2800.0,2800.0,false
403,PICO,30,43,1,0,2800.0,2800.0,true
404,PICO,30,43,1,0,2800.0,2800.0,false
405,PICO,36,86,1,0,2800.0,2800.0,false
406,PICO,36,86,1,0,2800.0,2800.0,false
407,PICO,36,86,1,0,2800.0,2800.0,false
408,PICO,36,86,1,0,2800.0,2800.0,false
409,PICO,36,86,1,0,2800.0,2800.0,false
410,PICO,36,86,1,0,2800.0,2800.0,false
411,PICO,9,60,1,0,2800.0,2800.0,false
412,PICO,9,60,1,0,2800.0,2800.0,false
413,PICO,9,60,1,0,2800.0,2800.0,false
414,PICO,9,60,1,0,2800.0,2800.0,false
415,PICO,9,60,1,0,2800.0,2800.0,false
416,PICO,9,60,1,0,2800.0,2800.0,false
417,PICO,94,96,1,0,2800.0,2800.0,false
418,PICO,94,96,1,0,2800.0,2800.0,false
419,PICO,94,96,1,0,2800.0,2800.0,false
420,PICO,94,96,1,0,2800.0,2800.0,false
421,PICO,94,96,1,0,2800.0,2800.0,false
422,PICO,94,96,1,0,2800.0,2800.0,false
423,PICO,30,23,1,0,2800.0,2800.0,false
424,PICO,30,23,1,0,2800.0,2800.0,false
425,PICO,30,23,1,0,2800.0,2800.0,false
426,PICO,30,23,1,0,2800.0,2800.0,false
427,PICO,30,23,1,0,2800.0,2800.0,true
428,PICO,30,23,1,0,2800.0,2800.0,true
429,PICO,67,12,1,0,2800.0,2800.0,false
430,PICO,67,12,1,0,2800.0,2800.0,false
431,PICO,67,12,1,0,2800.0,2800.0,false
432,PICO,67,12,1,12,2800.0,233.33333333333334,true
433,PICO,67,12,1,0,2800.0,2800.0,false
434,PICO,67,12,1,0,2800.0,2800.0,false
435,PICO,40,14,1,0,2800.0,2800.0,false
436,PICO,40,14,1,0,2800.0,2800.0,false
437,PICO,40,14,1,0,2800.0,2800.0,false
438,PICO,40,14,1,0,2800.0,2800.0,false
439,PICO,40,14,1,0,2800.0,2800.0,false
440,PICO,40,14,1,0,2800.0,2800.0,false
441,PICO,79,17,1,0,2800.0,2800.0,false
442,PICO,79,17,1,12,2800.0,233.33333333333334,true
443,PICO,79,17,1,0,2800.0,2800.0,false
444,PICO,79,17,1,0,2800.0,2800.0,true
445,PICO,79,17,1,0,2800.0,2800.0,false
446,PICO,79,17,1,0,2800.0,2800.0,false
447,PICO,54,72,1,0,2800.0,2800.0,false
448,PICO,54,72,1,0,2800.0,2800.0,false
449,PICO,54,72,1,0,2800.0,2800.0,false
450,PICO,54,72,1,0,2800.0,2800.0,false
451,PICO,54,72,1,0,2800.0,2800.0,false
452,PICO,54,72,1,0,2800.0,2800.0,false
453,PICO,52,60,1,0,2800.0,2800.0,true
454,PICO,52,60,1,0,2800.0,2800.0,false
455,PICO,52,60,1,0,2800.0,2800.0,false
456,PICO,52,60,1,0,2800.0,2800.0,true
457,PICO,52,60,1,0,2800.0,2800.0,false
458,PICO,52,60,1,0,2800.0,2800.0,false
